0.7999
1.8023
12.2777
10.1110
20.9551
6.0892
0.9654
1.7644
2.9224
12.9713
9.1586
19.8740
3.3426
1.5956
1.9835
2.0014
13.7355
5.3261
21.2203
4.6424
0.9679
0.7190
1.0233
10.0215
9.6044
21.1447
4.6537
1.2845
1.1616
2.1141
10.2891
9.1650
21.6679
3.1685
0.5406
1.6395
12.6006
3.9561
5.4465
22.3422
4.3200
0.9819
0.7845
1.8904
9.9554
7.5909
19.2399
2.7319
1.0107
0.8672
1.6481
8.0194
6.6829
21.4100
4.6472
1.1240
1.4433
1.8080
9.4172
7.1803
20.8715
4.3139
1.1874
0.9610
1.9320
8.7554
7.7055
19.4140
3.8965
1.0194
1.2794
11.9011
3.0572
3.5005
14.7742
6.6139
0.9544
1.0727
1.1604
10.8635
7.9280
20.0427
2.4471
0.4784
0.9985
3.5664
7.9992
6.2117
10.8228
6.8871
16.0770
19.0124
5.2765
6.8058
4.2329
14.1208
6.1945
13.4149
24.8841
6.7102
5.7739
5.2777
5.8514
24.9279
3.1206
1.4088
1.1149
9.2412
7.0008
19.9522
3.3713
0.8219
0.6548
1.4705
9.5477
6.8883
19.2480
3.8558
1.0226
1.5398
0.9510
11.0533
8.6274
19.8044
5.8736
1.4687
0.9520
1.8795
9.6501
7.7516
22.7070
3.1068
2.0221
2.2165
1.1694
9.2179
7.0024
18.9446
6.1223
1.7719
3.1741
2.8324
9.7276
6.9208
19.9779
2.9263
1.9202
1.3357
1.1978
10.1960
7.6813
21.3958
3.0811
1.3849
1.0469
2.3662
7.0319
10.6887
20.4189
4.5346
2.4871
2.0526
1.3705
10.8187
8.4214
21.0867
3.0850
0.8047
0.7676
1.5120
10.4607
9.9650
18.3033
2.4851
3.1116
2.3395
1.3280
8.8923
6.8455
21.7701
3.7424
1.4296
3.2969
1.8510
8.7909
9.3454
18.4617
2.4356
1.1283
0.7874
1.7361
10.8059
9.9136
18.2260
2.1600
0.8879
1.3739
1.2976
9.4606
9.7845
18.0355
2.5098
1.7724
10.8275
9.3408
5.7940
5.1716
11.2649
12.2665
3.8683
3.1795
1.6509
8.7673
9.9282
18.3607
3.3762
1.5286
16.7936
11.5954
4.7868
7.2739
20.6872
4.0847
0.9762
0.7275
0.9277
8.9702
7.9813
18.3840
3.0791
0.7782
2.5265
1.2808
10.2047
8.8643
20.5555
3.8781
0.7967
0.9002
1.1228
9.4756
10.0119
20.6559
3.4643
1.4589
0.9758
1.6180
9.8786
8.7878
19.7007
4.5814
0.9990
0.6894
1.7771
9.5818
8.9715
17.0861
4.8798
1.9116
1.8227
1.6497
9.4898
10.2832
17.8270
3.4067
0.5791
2.4261
2.0995
8.5496
8.9778
16.2524
5.8949
5.6250
2.2976
1.2873
8.0249
10.7247
18.2437
5.2770
0.9953
1.6204
1.1129
7.4491
8.5815
16.2722
4.0135
1.5071
0.7335
1.4014
10.7074
8.9151
23.2873
5.4825
1.6850
1.6895
2.1280
12.8922
10.9590
20.1930
4.1801
2.0721
0.7739
3.2265
8.0125
8.7218
19.0335
3.7151
1.1949
0.6808
1.3519
10.8854
8.5123
18.2729
2.6841
1.4946
1.5239
0.8008
8.8089
8.2785
15.9098
2.1525
1.9935
3.9318
10.8234
2.2583
5.4095
18.5806
3.0877
0.7278
0.6619
1.4833
8.4980
6.4371
22.1867
6.1893
1.7036
0.9425
1.5246
10.6204
7.6849
21.6135
4.0901
1.2232
0.7827
1.4444
10.8386
8.4455
16.9086
4.8246
0.7452
3.9377
2.1490
8.8892
8.9587
19.0830
2.9789
0.8479
0.7424
1.2504
11.3140
9.3105
19.1032
2.3614
1.2244
0.6555
1.0063
10.3239
7.6126
20.0213
3.0523
0.8070
0.7837
1.2152
10.4555
8.8978
20.8974
3.5314
0.9546
2.2330
1.3156
10.5742
8.0264
15.0230
5.8911
2.5494
1.9820
1.5817
10.9867
8.9824
20.5146
4.2314
1.8144
2.0462
1.2976
11.1701
8.4228
20.2664
3.5019
0.6037
0.8764
1.6116
13.6419
5.6346
22.3410
4.0314
0.8080
1.5760
2.2309
10.0666
8.0071
19.8470
6.2020
1.7632
0.8669
1.6301
10.8274
7.3373
20.9840
4.0643
1.1974
0.7622
2.0915
10.6743
6.8259
17.8522
3.6041
0.8617
1.7006
1.7523
10.7877
7.3568
18.6024
3.0140
1.4310
1.0966
1.1300
10.1954
4.9455
3.5354
19.0283
3.3786
0.6096
1.2103
9.3505
6.7392
17.0075
2.8510
1.1709
1.5497
1.6953
9.1016
7.0301
15.8307
1.3709
9.7045
14.8502
15.7937
3.1278
4.3108
15.1424
2.0560
6.4400
13.3951
20.9479
6.8743
4.5829
9.1390
10.2366
25.2395
4.3126
1.8436
10.5314
7.3919
19.4124
2.6113
0.6745
0.6245
1.0199
8.7494
4.8203
18.3828
3.6020
0.6136
1.2416
1.7264
9.9550
8.0875
18.5028
2.4760
0.9926
1.2615
1.8361
9.5884
6.4558
20.4686
3.0982
2.1945
0.7993
0.9043
8.6265
8.5408
18.5119
2.8638
1.2004
1.1717
2.8811
9.3862
8.2476
17.0432
4.4922
1.3893
2.0295
1.0516
9.0931
7.4053
18.4373
3.1974
0.6980
1.9970
2.3977
10.5491
7.9563
17.6982
2.0453
1.4244
1.6300
1.3760
11.6279
7.8487
19.3751
2.5801
0.9077
0.7848
1.2894
7.7843
6.6035
18.6204
3.5276
1.2866
6.0225
3.9076
7.7021
7.0271
19.6071
3.3945
1.3354
0.9482
3.4737
11.8436
8.9995
16.2622
2.2411
1.5213
12.0762
9.0270
5.7263
4.2174
9.7889
13.6964
4.0707
1.4873
1.6956
9.2776
8.0734
16.3780
3.0099
1.7105
1.0627
1.8309
9.9156
8.0978
18.3991
2.7757
1.1170
1.8425
1.2838
8.1274
7.0880
17.0343
2.5749
0.6952
1.0249
17.1455
8.3173
5.3261
21.1950
3.7788
0.6418
0.8043
1.1975
9.5742
8.2611
19.2516
3.9223
1.1105
2.1361
5.6575
9.5821
7.5698
19.8220
3.5446
2.1790
0.8183
1.3381
9.0454
8.9485
18.4301
3.9599
1.1034
1.2248
1.8694
10.0492
8.3760
19.0525
5.2863
1.3287
2.3904
1.9702
8.7177
8.7904
20.6525
2.9804
0.5964
2.0899
2.7164
10.4451
9.0837
18.9620
2.3403
1.3108
1.4635
1.9825
8.1946
8.4629
20.2907
3.6656
6.0250
6.9452
2.5702
7.7545
7.1934
20.4204
3.9687
1.3542
2.6856
1.2961
9.2653
6.2830
20.1478
4.1416
1.1941
2.0953
1.3004
10.6118
8.7345
21.2368
3.8658
0.5651
0.6223
1.7198
11.1449
9.8400
23.5729
3.5729
1.4873
0.7693
1.4244
13.2403
8.5053
21.3657
2.6869
1.6013
3.0134
5.1471
13.2194
6.6545
21.7180
2.7820
0.8865
0.5298
1.2580
11.0306
11.0777
17.8294
3.4626
0.7212
2.6101
5.8537
12.1115
4.9484
17.6170
2.0545
1.1446
3.3809
2.6384
9.1937
9.1915
15.9880
3.1745
2.6616
3.0609
0.6693
8.9829
6.8839
19.8628
3.2250
1.5815
2.4424
2.8335
11.4443
8.4898
18.7000
2.7489
2.6986
1.2298
3.8451
7.1081
8.5473
17.5831
3.1638
1.6592
2.2965
1.7786
9.3213
8.0099
20.6972
3.4408
1.3642
1.2612
0.8729
9.4756
7.9857
18.9258
3.0028
0.6160
0.7143
0.9934
9.9750
7.4513
20.6047
2.4044
1.7207
1.1348
2.1525
9.0765
7.3980
2.4934
16.9034
3.0166
0.6568
0.9977
8.8159
8.3649
19.9455
2.5100
0.8129
0.7155
0.7909
10.0494
8.1799
19.8451
3.0958
0.7479
0.7614
1.2496
10.2913
8.1451
15.2650
7.2834
1.2204
0.7286
1.1199
10.4756
7.1118
16.0307
4.1149
0.7904
0.6517
0.9875
10.4032
7.6620
20.4448
3.8824
0.4792
0.6752
0.9932
9.0549
7.1403
22.0107
5.4236
1.3465
1.2051
1.7511
9.3868
7.5350
20.7241
3.2389
0.5042
1.3689
1.2963
9.8014
7.9303
6.7646
4.5785
17.0342
2.7190
1.0469
8.7551
6.9461
19.0665
3.3121
1.2088
0.5593
2.0442
8.1248
7.7526
16.1469
1.7706
1.8331
11.3853
15.7982
11.3812
3.3882
14.5122
2.0922
1.0908
6.9491
13.1527
12.8581
3.2549
14.0390
3.8056
10.8500
21.4602
5.5173
8.9781
5.3213
16.6601
3.9797
2.0544
1.3746
1.1532
8.8040
5.5134
17.7151
2.0577
0.9470
0.8949
2.0192
11.3589
7.9339
17.9939
2.9592
0.5583
0.9904
1.2134
9.3810
6.9926
16.7750
2.5472
0.8238
0.5282
1.3518
8.5931
8.0769
17.6671
2.5951
0.8373
0.5419
1.0637
9.3703
7.0669
20.6046
2.8785
1.3904
0.9317
1.9278
10.4868
7.8173
16.1510
2.0673
1.3182
0.9503
1.8067
7.6196
8.2497
14.8675
2.3495
0.6512
1.2861
0.9232
9.5444
6.9011
21.7909
3.7387
1.8316
1.4845
2.1663
10.3075
7.9919
20.7165
2.2835
1.3959
0.6549
1.4510
10.5781
7.4364
17.5256
2.2017
2.3500
12.1479
7.2138
4.5237
5.7175
9.9940
2.2747
1.9517
1.7192
9.1874
6.6498
19.8079
2.7125
2.4887
1.1423
1.1359
10.3669
7.0725
19.6930
3.2819
1.7011
0.7974
1.3204
9.1579
8.2941
18.0887
3.6353
0.8647
1.5836
1.5810
10.9831
8.1771
18.0554
2.9171
0.9517
0.8180
1.1601
10.1872
11.6308
15.5455
9.1372
1.6793
0.5140
1.0475
9.9185
7.6513
19.3342
2.7498
0.9435
0.6369
1.3612
10.1563
9.5702
13.4849
6.4783
2.7918
0.6809
0.8963
9.4729
7.8926
17.2103
2.5749
1.7234
1.0002
1.2930
9.8427
9.6081
18.7712
2.5642
0.9442
1.2194
1.9698
9.9803
8.1352
19.3979
4.6037
2.3476
1.4448
2.1998
11.3168
8.5767
22.9559
3.8813
2.3102
4.8844
1.0414
8.7692
8.0725
19.7991
4.7876
19.0537
